Namespace(adj=None, alg='svm-l2', doTestAvg='True', doTimeAvg='True', experiment='PassAct3', force='False', isPerm='False', num_instances=1, overlap=12, perm_random_state=1, proc='trans-D_nsb-5_cb-0_emptyroom-4-10-2-2_lp-150_notch-60-120_beatremoval-first_blinkremoval-first', subject='A', win_len=25, word='verb')
False
['active', 'active', 'active', 'active', 'active', 'active', 'active', 'active', 'active', 'active', 'active', 'active', 'active', 'active', 'active', 'active', 'passive', 'passive', 'passive', 'passive', 'passive', 'passive', 'passive', 'passive', 'passive', 'passive', 'passive', 'passive', 'passive', 'passive', 'passive', 'passive']
In models.py:
[0 0 0 0 0 0 0 0 0 0 0 0 0 0 0 0 1 1 1 1 1 1 1 1 1 1 1 1 1 1 1 1]
0
10000000.0
1000.0
10000000.0
100000.0
10000.0
100000.0
1e+18
10000000.0
1e+17
1e+12
1e+17
1e+17
10000000000.0
1000.0
1e+16
1e+15
100000000.0
1e+18
1e+18
1
100000.0
1e+16
1000000.0
100000.0
1e+12
100000000.0
1000000000.0
1e+16
1000000.0
10000.0
10000000.0
10000000000.0
1000000.0
100000.0
10000.0
1000000000.0
100000000.0
100000.0
1e+17
2
1000000.0
10000.0
1000000.0
100000.0
1000000000.0
10000000.0
1e+15
10000000.0
1000000.0
100000000.0
1000000.0
1e+12
100000000.0
1e+14
1e+11
1000000.0
1000000000.0
100000000.0
10000000000.0
3
1000.0
1e+13
100000000.0
10000000000.0
1e+12
100000.0
1000.0
1e+17
1e+14
100000.0
1e+18
1e+17
10000.0
10000000.0
1e+13
1e+11
1e+18
100000000.0
1000000.0
4
1e+11
1e+13
10000000.0
1e+16
1e+13
100000000.0
100000.0
1e+12
100000.0
1e+18
100000.0
10000.0
100000000.0
1e+14
1000000.0
1e+14
1e+15
1000000.0
1e+14
5
1000000.0
1000.0
1e+14
1e+11
100000.0
10000000.0
1e+14
1000000000.0
1e+12
1e+18
1e+17
1e+17
10000000000.0
1e+11
1e+14
1e+13
1000000.0
10000000.0
10000.0
6
10000.0
1000.0
10000000.0
1e+16
10000000000.0
10000000.0
100000000.0
10000000000.0
10000000000.0
1000000000.0
10000000000.0
1000.0
1e+12
1e+13
1e+14
1e+17
10000000.0
1000.0
100000.0
7
1e+14
1e+12
100000000.0
100000.0
1000000000.0
1e+13
1e+15
1000.0
1e+15
1000000000.0
10000000000.0
1000.0
1000000000.0
1e+12
1e+13
1000.0
1e+12
1e+18
1000000000.0
8
1e+13
1e+18
10000.0
1e+16
10000000000.0
1000000.0
1000.0
1e+11
1e+13
10000000000.0
100000.0
10000.0
100000000.0
1000000000.0
1e+14
100000.0
1000000.0
1e+16
100000.0
9
1e+16
1e+11
1000.0
1e+16
100000000.0
10000000.0
10000.0
1e+15
1e+16
100000.0
100000.0
1e+17
1e+11
10000000.0
1e+11
1e+11
10000000000.0
1e+14
1e+11
10
1000000.0
1e+12
1e+14
1000000.0
1000.0
10000000.0
1e+13
10000000000.0
1000.0
1000.0
1000000000.0
1000000.0
1e+18
1000.0
1000000.0
10000000000.0
1e+14
1e+17
1e+13
11
1e+14
1e+13
1e+13
1e+15
1000.0
10000000000.0
1e+12
10000.0
1000.0
1e+15
10000000.0
1e+12
1e+13
1e+15
1000.0
100000000.0
1e+17
1e+13
1e+12
12
1e+14
10000.0
1e+14
1e+17
1000000000.0
1e+17
1000000000.0
1000.0
10000000.0
1e+12
1e+14
1000.0
1e+16
1e+16
1e+16
100000000.0
1000000000.0
100000.0
1e+11
13
100000.0
1e+13
1e+17
1e+16
1e+16
10000000000.0
1e+11
1e+16
1e+14
100000.0
10000000000.0
1e+17
100000000.0
1e+13
1e+11
1e+13
1000000000.0
1000.0
1000000000.0
14
10000000000.0
10000.0
1000000.0
1e+13
10000000.0
1000000000.0
10000000.0
1e+13
1e+16
10000000.0
100000.0
10000000.0
10000000000.0
1e+11
1000000.0
10000.0
1000000000.0
1e+16
1e+18
15
1000000000.0
1e+11
10000.0
1e+11
1000000000.0
1e+12
1e+18
1e+11
1000000.0
1e+17
1000.0
1000.0
1e+17
10000000000.0
10000.0
10000000.0
100000.0
1e+15
100000.0
16
100000.0
1000000.0
1e+16
1e+12
1000000000.0
10000000.0
1e+16
1000000000.0
100000000.0
100000000.0
1e+11
10000.0
1e+11
1e+11
100000.0
10000000000.0
1000.0
1e+15
1000.0
17
1000000000.0
1000.0
1e+11
1e+16
100000.0
1000000000.0
1000.0
10000.0
10000.0
100000000.0
1000000000.0
1e+11
1000000000.0
10000000000.0
1e+11
1000.0
1e+12
10000000.0
1e+15
18
1e+17
1e+11
1000000.0
1e+15
1e+17
1e+15
1000000.0
10000.0
1e+14
1000000000.0
100000000.0
1e+13
1e+14
1000000000.0
1e+16
1e+18
1000.0
1e+18
100000000.0
19
1e+11
1e+14
1000000000.0
10000000.0
1e+16
1e+12
1e+12
1e+16
100000.0
100000000.0
1e+15
1e+16
10000000.0
1000000.0
10000000.0
10000.0
1000.0
1000000000.0
1000000.0
20
10000000000.0
1e+16
1e+16
1e+11
1e+12
1e+12
10000000.0
1000.0
10000000.0
1000.0
100000.0
1000000000.0
1e+15
1000000000.0
1e+16
10000000.0
1e+16
1000.0
10000000000.0
21
1e+15
1e+14
1000000000.0
1e+14
10000.0
1000000.0
1e+18
1000000.0
1e+13
1000000.0
10000.0
1000000000.0
1e+12
10000.0
1e+14
100000000.0
1000000.0
1e+15
1e+14
22
10000.0
1e+16
1000000000.0
1e+15
100000.0
1e+13
1000.0
1000000000.0
100000000.0
1000000.0
1e+17
1000.0
1e+15
1e+12
1000000000.0
100000.0
10000.0
1e+17
1e+11
23
1e+13
1000000000.0
1000.0
100000000.0
10000000.0
1e+13
10000000000.0
1000000000.0
1e+15
100000.0
1e+13
10000.0
1e+13
1000000.0
1e+14
1000.0
1000.0
1e+12
10000000000.0
24
10000000000.0
1000000.0
1e+18
10000000000.0
1e+16
10000.0
100000000.0
1e+13
10000000000.0
100000000.0
10000000.0
1e+18
1e+12
10000000.0
1e+11
10000000000.0
1000000.0
1000000.0
10000.0
25
1000000.0
10000000.0
10000.0
1000.0
10000000000.0
1000000000.0
1e+14
10000000.0
1000000000.0
1000.0
1e+18
100000.0
1000000.0
1e+16
10000000000.0
100000.0
10000000.0
10000000000.0
10000000.0
26
1000000000.0
10000000.0
1000000.0
1e+17
100000.0
1000000.0
1000000000.0
100000000.0
1e+12
10000000000.0
1e+17
1e+15
1e+11
100000000.0
1e+15
1000000000.0
10000.0
1e+15
1e+12
27
1000000.0
1000000.0
1e+16
1e+11
1e+13
1000000000.0
1e+11
1e+12
1000000.0
1000.0
1e+18
1000000.0
10000.0
10000000.0
100000000.0
1000.0
10000000000.0
1e+14
10000.0
28
1e+17
100000.0
10000000000.0
1e+15
1e+17
1e+13
1e+14
1e+15
1e+17
10000000.0
1e+12
1000.0
1e+17
1e+17
1e+12
100000.0
100000.0
1000000.0
1e+12
29
1e+14
100000000.0
100000.0
100000000.0
1e+15
10000.0
1000000.0
1e+12
100000000.0
1000000000.0
100000000.0
1000.0
1000000.0
1000000.0
1e+11
1e+12
1e+18
1e+11
1e+14
30
1e+18
1e+17
1e+14
1e+16
1e+15
100000.0
1e+13
10000000.0
10000000.0
100000.0
1e+18
100000.0
1e+13
1e+15
1e+13
1e+16
1000.0
1e+12
1e+15
31
100000000.0
1e+12
1000.0
1e+11
1000.0
1e+13
1e+18
1e+18
1e+18
1e+17
100000000.0
10000000.0
1e+17
1000.0
1e+15
10000000000.0
1000.0
1000000000.0
10000000000.0
Max Acc: 1.00
