Namespace(adj=None, alg='svm-l1', doTestAvg='True', doTimeAvg='True', experiment='PassAct3', force='False', isPerm='False', num_instances=1, overlap=12, perm_random_state=1, proc='trans-D_nsb-5_cb-0_emptyroom-4-10-2-2_lp-150_notch-60-120_beatremoval-first_blinkremoval-first', subject='A', win_len=25, word='verb')
False
['active', 'active', 'active', 'active', 'active', 'active', 'active', 'active', 'active', 'active', 'active', 'active', 'active', 'active', 'active', 'active', 'passive', 'passive', 'passive', 'passive', 'passive', 'passive', 'passive', 'passive', 'passive', 'passive', 'passive', 'passive', 'passive', 'passive', 'passive', 'passive']
In models.py:
[0 0 0 0 0 0 0 0 0 0 0 0 0 0 0 0 1 1 1 1 1 1 1 1 1 1 1 1 1 1 1 1]
0
1e+15
1e+15
1e+13
1e+11
1e+11
1e+12
1e+16
1e+17
1e+19
1e+11
1e+11
1e+12
1e+16
1e+11
1e+11
1e+12
1e+14
1e+12
1e+12
1
1e+11
1e+20
1e+17
1e+11
1e+11
1e+11
1e+19
1e+16
1e+17
1e+11
1e+12
1e+19
1e+14
1e+11
1e+11
1e+12
1e+13
1e+12
1e+12
2
1e+11
1e+20
1e+18
1e+11
1e+11
1e+12
1e+15
1e+15
1e+14
1e+11
1e+12
1e+12
1e+11
1e+11
1e+11
1e+11
1e+11
1e+12
1e+13
3
1e+11
1e+14
1e+15
1e+11
1e+11
1e+15
1e+17
1e+19
1e+12
1e+11
1e+11
1e+11
1e+13
1e+11
1e+11
1e+12
1e+13
1e+15
1e+14
4
1e+11
1e+12
1e+17
1e+11
1e+12
1e+12
1e+14
1e+18
1e+14
1e+11
1e+13
1e+12
1e+18
1e+11
1e+11
1e+12
1e+14
1e+12
1e+12
5
1e+11
1e+14
1e+20
1e+11
1e+11
1e+12
1e+15
1e+17
1e+12
1e+16
1e+13
1e+12
1e+12
1e+11
1e+11
1e+12
1e+12
1e+12
1e+12
6
1e+11
1e+19
1e+16
1e+11
1e+11
1e+12
1e+15
1e+15
1e+18
1e+11
1e+14
1e+12
1e+12
1e+11
1e+11
1e+13
1e+12
1e+12
1e+12
7
1e+11
1e+19
1e+14
1e+11
1e+12
1e+12
1e+20
1e+16
1e+14
1e+11
1e+12
1e+11
1e+12
1e+11
1e+11
1e+12
1e+13
1e+12
1e+12
8
1e+12
1e+12
1e+17
1e+11
1e+11
1e+17
1e+20
1e+20
1e+14
1e+11
1e+12
1e+12
1e+11
1e+11
1e+11
1e+11
1e+14
1e+13
1e+11
9
1e+11
1e+14
1e+18
1e+11
1e+11
1e+19
1e+19
1e+18
1e+14
1e+15
1e+12
1e+12
1e+11
1e+11
1e+11
1e+12
1e+16
1e+17
1e+12
10
1e+11
1e+20
1e+15
1e+11
1e+12
1e+12
1e+19
1e+15
1e+14
1e+11
1e+12
1e+12
1e+15
1e+11
1e+11
1e+12
1e+13
1e+12
1e+13
11
1e+11
1e+16
1e+17
1e+11
1e+11
1e+11
1e+11
1e+17
1e+14
1e+11
1e+12
1e+12
1e+12
1e+11
1e+11
1e+12
1e+13
1e+12
1e+14
12
1e+11
1e+13
1e+17
1e+11
1e+12
1e+15
1e+19
1e+14
1e+14
1e+16
1e+11
1e+12
1e+13
1e+11
1e+11
1e+12
1e+12
1e+19
1e+14
13
1e+16
1e+12
1e+16
1e+11
1e+11
1e+12
1e+14
1e+15
1e+13
1e+11
1e+13
1e+12
1e+13
1e+11
1e+11
1e+12
1e+13
1e+12
1e+20
14
1e+11
1e+11
1e+15
1e+11
1e+11
1e+12
1e+17
1e+16
1e+13
1e+11
1e+17
1e+12
1e+12
1e+11
1e+11
1e+13
1e+13
1e+12
1e+12
15
1e+11
1e+13
1e+20
1e+11
1e+11
1e+11
1e+17
1e+15
1e+14
1e+12
1e+15
1e+12
1e+11
1e+11
1e+12
1e+12
1e+13
1e+12
1e+12
16
1e+11
1e+15
1e+17
1e+11
1e+11
1e+12
1e+18
1e+15
1e+15
1e+11
1e+13
1e+11
1e+13
1e+11
1e+11
1e+11
1e+12
1e+12
1e+11
17
1e+11
1e+19
1e+16
1e+11
1e+11
1e+14
1e+11
1e+16
1e+17
1e+11
1e+12
1e+15
1e+12
1e+11
1e+11
1e+12
1e+13
1e+13
1e+16
18
1e+11
1e+19
1e+12
1e+11
1e+11
1e+11
1e+19
1e+15
1e+20
1e+11
1e+12
1e+12
1e+12
1e+11
1e+11
1e+12
1e+13
1e+12
1e+13
19
1e+11
1e+11
1e+18
1e+11
1e+12
1e+20
1e+16
1e+17
1e+12
1e+11
1e+12
1e+12
1e+15
1e+11
1e+11
1e+12
1e+13
1e+12
1e+12
20
1e+11
1e+13
1e+16
1e+11
1e+11
1e+12
1e+18
1e+17
1e+14
1e+11
1e+13
1e+15
1e+13
1e+11
1e+11
1e+12
1e+14
1e+16
1e+12
21
1e+11
1e+18
1e+16
1e+11
1e+12
1e+12
1e+11
1e+18
1e+18
1e+14
1e+19
1e+12
1e+12
1e+11
1e+11
1e+12
1e+14
1e+17
1e+12
22
1e+11
1e+17
1e+17
1e+11
1e+11
1e+14
1e+11
1e+17
1e+13
1e+11
1e+12
1e+12
1e+17
1e+11
1e+11
1e+11
1e+13
1e+16
1e+13
23
1e+16
1e+14
1e+19
1e+11
1e+12
1e+13
1e+16
1e+15
1e+14
1e+11
1e+12
1e+12
1e+11
1e+11
1e+11
1e+12
1e+13
1e+12
1e+12
24
1e+11
1e+20
1e+19
1e+11
1e+11
1e+14
1e+11
1e+19
1e+17
1e+20
1e+12
1e+12
1e+12
1e+13
1e+11
1e+11
1e+13
1e+12
1e+12
25
1e+11
1e+12
1e+16
1e+11
1e+11
1e+14
1e+13
1e+19
1e+15
1e+11
1e+12
1e+12
1e+13
1e+11
1e+12
1e+12
1e+13
1e+12
1e+13
26
1e+11
1e+14
1e+19
1e+11
1e+11
1e+16
1e+15
1e+14
1e+14
1e+12
1e+12
1e+12
1e+14
1e+11
1e+11
1e+11
1e+13
1e+12
1e+14
27
1e+11
1e+15
1e+20
1e+11
1e+11
1e+13
1e+11
1e+19
1e+19
1e+11
1e+13
1e+12
1e+11
1e+11
1e+11
1e+11
1e+14
1e+11
1e+12
28
1e+11
1e+13
1e+18
1e+11
1e+12
1e+12
1e+20
1e+18
1e+14
1e+15
1e+12
1e+11
1e+12
1e+11
1e+19
1e+11
1e+12
1e+20
1e+13
29
1e+11
1e+12
1e+17
1e+11
1e+11
1e+12
1e+18
1e+18
1e+14
1e+18
1e+14
1e+12
1e+14
1e+11
1e+12
1e+11
1e+13
1e+12
1e+12
30
1e+12
1e+19
1e+16
1e+11
1e+11
1e+11
1e+18
1e+18
1e+14
1e+11
1e+12
1e+12
1e+16
1e+11
1e+11
1e+12
1e+14
1e+12
1e+14
31
1e+11
1e+17
1e+16
1e+11
1e+11
1e+16
1e+17
1e+15
1e+14
1e+11
1e+13
1e+12
1e+13
1e+11
1e+11
1e+11
1e+13
1e+12
1e+12
Max Acc: 1.00
